$ANSIBLE_VAULT;1.1;AES256
37656163303039623262663035666139323334663833623664626661386261363064636366303631
6161393038343065373466623438316331376135313238340a353836306232613766376465633837
61376634333734646465343364666364643863626663353932626432393730623134623765306263
3664336631356431350a336131623937373537663664653437353064656132343130343261643165
36613130363335313062396138356262633336396132313638323039333165613939333532346461
36376436323634313763383131613536346662613830363065656330623665666638353837643061
33326139303861653963656261356166306462383534376631313837626433653331646334356330
62633966373138373837353838366633343763373136613563383333643437366534326538343333
62326163326536363632356365313566646636316639623730653839323063663939613735313439
32363065613732323262393337336331613466343636666463373862356636623033346234326637
32663337383566303231303332663264336363633539393163363161306661386230663465613264
66386361663637326532346134396361613937633133373139663636306662353631343963323032
32326433666332643133313835306435366236346339623064663530623539343732623230353566
63663865333739363561623138326539353137376632653132393165373665373862353237623136
63396364396364353966373539353631396633633238386330376362363433376430323661653761
62313738336538313332653538313665316131386638333837613965393934663935386466656438
36333634386561663339656439363636396233346636656366316261363832326431623630306661
36313933313664323531336663623430656436646534366563666232666431613631633866366335
31393261376137323038393934656130623435613438326535373433383161623231613331346461
31323637663731393133326639363131623031303134323130373362613038646564303663613333
63343366373539323762353431363732393766363433373066353230646530373563326330666537
39653436643231323139626432633533653738313631383130666637363165373337393838366330
373362363763343138636138363866313935
