$ANSIBLE_VAULT;1.1;AES256
61383666306331633465373938646337326438323466633932306334633366306363666363363263
6633303962353263666464376163613064326666613164300a373665303439313962303733383139
35383836343134373965343262356164343138333938393230613131333136306564323533333831
3665373561613066630a386337363039323937613438383531616332366130366231356434613630
31386339633439373336326333663935316332336364616136343563363334626462666162343531
64663834396266336237316664363936643137363033323334353335343864663265336531306333
39653231663935656639396235666432666331646335666134656132643634386330633932313930
66643164393763636366326131626165646632393134323564346162653037303262323362366534
62363333333734346463303732333231666365386439386635626438363639323137393135613839
31353035633765643033303265623938336135653566313166613431643833633739646264613266
613264363835316337646364353064666632
