$ANSIBLE_VAULT;1.1;AES256
63343831666330353032363061323031326432396335346334643766346136303639356262653838
6661663431373834616537396362376331303339363238320a646462616233353934306563363263
62323961623136643763383235646331303639633163323530323063363662343236633966323264
6665323465363738390a323334313661323134666339343061616365363331333234616231663331
36643131376133356461376639633736333830343439653635666232353531343564326162396239
66383738363433663239303064363562613463366136623738623732653639316264623464643936
31666336336632343039636437343362653761643962646365343337626638613338656666383432
64376235383831663835333565393562356533616131346234333837646163616565346332653064
36373361653938326665303464653833393336306163376333393466383035633866393338303664
32393232333437333164373930396166636331613230616138336362386161666665613865303562
35613332326131633463343633663937653931363131653834306332636564356334613863346166
39623465643766316662313339633664343335303238356366623531373938326666346330666535
34643063306432653665613762376437643961336431656164623336393634383464313039313633
38623263656364633061373639666432646663653063643832613434303865623364366630336538
35333633363764653064656134386466333964623236663139643637616231333634313831393931
66343163623562643839
