$ANSIBLE_VAULT;1.1;AES256
65646465373661623830323736303066633633643535303435636665343962326138626538396361
3737623965623866653431396535616264623765653736370a623761656364356366363161663534
36623038306333626565323732366662343432613031383531386332383039306365383835343435
3638376132656538320a333938613436616530376165666361333366633136336162643866343330
35373530383939336439633532613536373933313036386232326231303761393063303462333239
32643861626564386239646163646135363565346330613630646134666437333462616534323166
63323438636139363132353364366266313433633366323131363966623761373038303038626334
32323731333534383565663139306461326531306334386239623762623233356633396364646631
38363266333633653732616561303662303939306230356239613134616435653963386636656563
33396538346264316532396662373530643638663665636562383135613638643436626339323938
36336337653861373061363261333833376662353064643438323737363633646266353262313662
66383762663431346434653963666632323538326534636330303537326465346163666633363534
65633932326436313361393435613230396539306263663662653730393933633265623235383063
33303530666235393262326335663233396666626439653535396637383364326461313537386162
34383730353832306138323033346665623637643233343738313833366431386463613631323235
64313938653266353038393166653565306135623231353233306161656636623235313134383339
65306537336634343361316361306432656637323366313864313466663436653234383965336238
62653764323936356237633334333038303131366532333630633735303434353835346336343231
303161633766333164373362363532333862
