$ANSIBLE_VAULT;1.1;AES256
31386635666165333135326134393163356361646134643639373062616633356437633433326663
3631666663373737633536303138656530623333633438380a633666353938336238393465376339
32393635633838363530636438653130336138343266353834393061666136646532306532396533
6661333534333538630a623064306663306666363461353366356635343165393038646665633062
33616563623666363536643738343562363166386130656364653736396135306230313331626166
34616339653733343933343261343464653436306439306133346661363561313236386436663061
61313734316338646237373964323439326561656565386339636532306561306332613166393035
62303962613261373239656164616335626362326636646461623036393135336230366536386636
39313638623262336161303339633531303835643164393262346637313130333133366233343030
66353337353561623336363166643032653433343838663331343935623366386465626661666139
36633532373838663635303238326436363534663738363764613465303531356562333338383636
65626131343139626465363037353334656264663666313163306338646231366238646437386238
65313865316161663738653964376635316339313063653862316537373439636564643966646336
63333561313835313838383461303630343633353762396266653862656565343964633864336261
63653762653165623465303865366131353833396537623334376264333536643435366430623565
66643239663631623561376631623966636234666636373739313034346633373563656564303532
63396239643735643131396165326231336237666333353132386333333834613331623234373838
31636537323165333965336566663564323837326466623061643630643565306630393231313637
66616632316262366261323937306634656134643637326364613062653863623238316431393535
32663766386465356466
