$ANSIBLE_VAULT;1.1;AES256
65646135613036383465653038353038356336313131356130636465303861623561316462336230
3562313531313230346632326433626438633436636436360a333139313832373464666639323565
65396533396234353633326438313933376163663934656136663331396635636332383734666361
3562633631336663620a323134646565383836393438393664383466386662363733643434363439
64666631633665393161633030386137613738666238633333636537393839313939343763666438
32323233323934616131633165616261306436616264613235346264356437383734303430633262
63643331363630643134666634663038313661666133306135343737363466323030373134626163
31386466363332633239333831653436316261363035653134313433343563626138373436393965
37633830393933366139323863626634663637333337383633613361343766383666663465313833
31626235613939346335643966323164326433366437653332623033316436323762303032346462
36313963646432333363313630333531333566356632373030616566353635373263663562326666
31623135343833383565663338623534613433633339326234316631373065383661373838613931
63663332303534636230356433326639623561646365313064666138386137633664386634643562
34626233386633306438393262376532346166303735626530666232633034326130363136303330
36376538373566356361376264383163333461636432383966393435316138666436633533336235
66313562623630633230306230613331653664383533333633313565623238383831336265663332
34383035326137313636626238306264363937323337316239326465333332393234666235353864
39356630623231356338653433386531643435623634323161346638613332323636333530373433
61666161633131306361643665346636613634376461333231636639343961376335303963643438
30323533666363393763
